20216392	10755616
20219245	10754304
20219263	10754321
20465088	11008013
20470674	11019995
20483847	11027829
20491906	11035054
20497005	11040125
20499068	11044090
20501115	11046040
20514082	11058569
20518810	11069028
20521735	11067915
20530853	11076690
20535109	11080798
20540051	11086031
20541385	11087380
20545190	11093124
20546999	11097212
20563930	11110685
20570932	11120819
20570933	11120820
20570937	11120824
20571908	11123304
20573243	11122243
20576378	11032838
20578218	11134296
20578233	11134311
20580277	11139446
20582375	11146160
20582895	11150004
20584330	11150373
20584588	11154228
20584648	11153081
21003826	11117749
21011278	11128662
21011862	11129644
21012803	11128049
21026273	11151765
21028948	11155791
21031071	11191348
21036309	11163196
21066549	11145839
21066742	11145887
21077029	11203699
21079795	11212271
21084706	11216856
21092954	11171123
21093289	11173994
21093708	11158221
21095203	11157857
21099489	11180132
21099673	11166460
21100729	11163078
21100758	11165716
21102393	11160159
21103162	11160190
21103247	11160275
21103296	11160324
21105220	11160683
21105279	11160742
21108585	11182013
21108989	11163662
21109735	11163226
21110357	11175263
21111553	11158723
21115099	11207589
21115153	11220636
21121146	11229476
21124335	11222375
21131863	11237123
21133063	11243576
21134520	11238116
21136001	11238525
21136244	11238595
21136373	11238643
21142766	11207257
21145240	11248559
21153258	11231305
21154038	11254694
21155831	11258416
21158232	11261782
21163376	11224521
21170151	11175815
21174076	11275803
21179339	11282171
21184078	11286471
21184079	11286472
21184779	11287618
21185796	11290585
21185814	11290603
21186394	11290335
21188436	11293663
21188582	11293810
21195296	11298334
21198003	11301190
21203088	11306435
21203274	11306961
21205813	11309272
21210813	11299319
21213531	11313251
21214119	11313377
21214420	11313958
21214517	11313860
21214521	11313864
21216558	11317337
21216559	11317338
21221189	11320410
21225972	11325600
21226883	11327783
21232503	11333906
21235950	11339357
21238271	11279149
21240390	11342414
21240402	11342426
21240651	11342607
21240664	11342620
21240683	11342639
21240684	11342640
21240749	11342295
21240752	11342298
21250583	11352813
21250679	11352642
21256403	11357893
21258442	11360932
21259876	11359804
21259893	11359821
21260138	11360190
21261560	11369642
21261983	11369709
21264350	11371365
21269099	11375353
21272363	11376873
21272376	11378264
21276281	11382732
21278495	11385614
21278505	11385624
21282637	11389038
21286431	11390432
21286460	11390461
21286476	11390477
21286716	11390587
21288911	11395597
21291437	11397944
21293104	11294836
21293129	11399774
21295479	11402342
21301738	11408530
21301916	11408795
21309954	11404479
21311859	11418637
21311861	11418639
21311876	11418654
21311880	11418658
21313314	11420178
21316949	11422736
21317758	11425059
21319877	11426586
21326158	11337507
21328787	11434872
21328827	11435347
21329192	11435482
21329455	11435553
21334898	11441910
21336700	11443174
21336723	11443197
21336830	11442761
21340428	11447383
21341822	11449348
21341829	11449355
21342532	11448148
21347868	11313336
21347936	11356833
21347972	11371575
21351021	11457886
21351024	11457889
21352151	11458504
21352808	11459831
21357628	11465102
21359034	11466262
21359415	11373296
21359858	11466619
21359969	11467344
21361181	11468181
21361184	11468184
21363219	11471196
21363766	11469886
21369576	11477536
21369994	11397794
21370254	11477404
21370255	11477405
21371733	11478781
21376061	11483517
21391971	11413148
78142957	345907
78165928	646948
78243961	681878
79022914	308841
79064946	720288
79225924	462374
80032538	492174
80068767	510224
80074787	513012
80161233	7365260
80205384	7381199
80222614	6930326
80254646	6967568
81088140	7448753
81093967	7451447
81105535	7192922
81141012	6937448
81143525	6970782
81161585	6938262
81209206	6263401
81209839	6263453
81229128	6941676
81260241	7261860
81265481	6973584
81271552	7022285
82048495	6975165
82086319	7314584
82098485	7054210
82114943	6948600
82136853	7060016
82147031	7062741
82166484	6175589
82281646	6956240
83005500	6214495
83106949	7152477
83131778	6891642
83186675	6341389
83188841	6132996
83204609	6849801
83217486	6855231
83230863	6222739
83291326	6688425
83295933	6887939
84001945	6577947
84032920	6313738
84053675	6640089
84066221	6139509
84080809	6689945
84106471	6362849
84130660	6607790
84140373	6700262
84178365	6712623
84238528	6203849
84259095	6331655
84259121	6589045
84282381	6331880
84290642	6206136
84306548	6477127
85102467	6394407
85104095	6519920
85146267	3156509
85152262	6397264
85158098	3980675
85186850	3872972
85233509	2989190
85254470	2990687
85257187	3926465
85266114	2410666
85284782	4029081
85305500	3876063
86000980	3862435
86021813	4050327
86027718	2996751
86028039	2996770
86034627	3932471
86034662	2997300
86040213	2932642
86092241	3079885
86121439	4089086
86125840	3879073
86151192	3867998
86238756	3012975
86259058	3014437
87014826	3093895
87142820	2434732
87218708	3108000
87223096	3034980
87251218	3597702
88052881	3119226
88213897	2966829
88249842	3381637
88263016	3133660
88264423	3260404
89052759	3263921
89078997	3264542
89179873	2467052
89194996	2702570
89195152	2539255
89197277	2495246
89210808	3072196
89219069	2710122
89242103	2497518
89371608	2476028
89378613	2777014
90022210	2800922
90030612	2529994
90061802	2511169
90092414	2599058
90110496	1967259
90124644	2105167
90140708	2105528
90147621	2302185
90151654	2105887
90153985	2105946
90158596	2406568
90158614	2304473
90161003	2305024
90169371	2407588
90171176	2137831
90173249	1968525
90185221	2697644
90188846	2156043
90191722	2314899
90194790	2560867
90199680	2156607
90205027	2157089
90206049	2320113
90208323	2321018
90220600	2109187
90237240	2159024
90242285	2159372
90244306	2335803
90244394	1692348
90244395	2159545
90244434	2139896
90247097	2159684
90254291	2111191
90255794	2160380
90258907	2111447
90277507	2161813
90278097	2112575
90279052	2352322
90279073	2352328
90285430	2191992
90287178	2192264
90290483	2357216
90292959	1972702
90293687	2193097
90298081	1972889
90299137	2163347
90302010	2194289
90311515	2367616
90317873	2164595
90317911	2196387
90319091	2142528
90319127	1695378
90327113	2374935
90335211	2378870
90337320	2116362
90346297	2116990
90351381	2386492
90360678	2118049
90368794	2394747
90375934	2144551
90376424	2204723
90376447	2398533
90381353	2400807
90381363	2144777
90381807	2401033
90382324	2205477
91013631	2214620
91016834	2216722
91017623	2217228
91025498	2222774
91028334	2171704
91034184	2172166
91035625	2121746
91036996	1700011
91037456	2172422
91041706	2122173
91043047	2234062
91045897	2146676
91048014	2237444
91049522	2238523
91050279	2146852
91065527	2123468
91065749	2249899
91067681	2123553
91075236	2255914
91079526	2258623
91079577	1984449
91079583	1670606
91092266	2124973
91092267	1702384
91092268	2148290
91094881	1986254
91098050	2268558
91098724	2268914
91099657	2269427
91100449	1980125
91101115	1987353
91110562	1988951
91114695	1989880
91117203	1990263
91118160	2278044
91119580	1899335
91124866	2280609
91125342	2280769
91132035	1847170
91132900	2283805
91134976	1994572
91159628	1705836
91164434	1963690
91170801	2005404
91172211	1672442
91172250	2077396
91172768	2006151
91173312	2006423
91174087	2006697
91175240	1964061
91175478	2127692
91175694	1981844
91175707	1964088
91184620	2010090
91184714	1707027
91187152	1901389
91187647	2011512
91190842	2083253
91203899	2017177
91204058	2017258
91208110	2088505
91210272	1850412
91215472	1850644
91217625	1827138
91218850	2023633
91219488	1850841
91221358	2024810
91224990	2026605
91236696	1851743
91236793	2033090
91237114	1903417
91237800	1851858
91237803	1851861
91239569	2034676
91246215	1645452
91248763	2039752
91258741	2128940
91264362	1646583
91266912	1675604
91266919	2050125
91277630	2056282
91282927	1676267
91291720	1712226
91291757	1676597
91292396	1648430
91292530	1829648
91293101	2065663
91296379	1906155
91296472	1648706
91303691	2072454
91319738	1650477
91321794	1907460
91325181	1865413
91339573	1874085
91347784	1879243
91349414	1652603
91351285	1715516
91354520	1883525
91355651	1653056
91361546	1679576
91363265	1888683
91364264	1889142
91366165	1909740
91367666	1653950
91369589	1832547
91376383	1896644
91376384	1896645
92001749	1911548
92006162	1914170
92010096	1717377
92013023	1680914
92013087	1655897
92020218	1656391
92020850	1656441
92022337	1718025
92029620	1930693
92031293	1931834
92038993	1682217
92042309	1939341
92043714	1719077
92049367	1944294
92051383	1945879
92052106	1946356
92052179	1946405
92052214	1658795
92052243	1719551
92060325	1952426
92062170	1953785
92066454	1956769
92068245	1958222
92077236	1660414
92088960	1751404
92103005	1836958
92107162	1309587
92107586	1762852
92107919	1763035
92108417	1763325
92109743	1662496
92112059	1765275
92113075	1309833
92118719	1768652
92123193	1531086
92127655	1773463
92134262	1734865
92135145	1777483
92135176	1734946
92142646	1736549
92144438	1782151
92147648	1310680
92153263	1531412
92156261	1740494
92156797	1740663
92156807	1740667
92164748	1537389
92165059	1537556
92176633	1371788
92176657	1541828
92179751	1796314
92185243	1545132
92186836	1545787
92187059	1966869
92193465	1312541
92193472	1312543
92195320	1372388
92195648	1347914
92207144	1313226
92212930	1532661
92213189	1557508
92213636	1805423
92215726	1313693
92218428	1560002
92223210	1807404
92224250	1314139
92230800	1566834
92235036	1349016
92235212	1533227
92244343	1533441
92251244	1315834
92255823	1374612
92257680	1813169
92260664	1583734
92260679	1533884
92265660	1814434
92269839	1375324
92291523	1351090
92294188	1603822
92309248	1613697
92311659	1535455
92314696	1668145
92317168	1618911
92318928	1620119
92318932	1620122
92320321	1621110
92331609	1628621
92335296	1631130
92362919	1386811
92366509	1502171
92366521	1502179
92366555	1502202
92367617	1386962
92368408	1380242
92371447	1505523
92378748	1510811
92378895	1510878
92385366	1355356
92387536	1516825
92392375	1520341
92407982	1527846
92408021	1527859
92408125	1326675
93011470	1327803
93012816	1397976
93013114	1398205
93018835	1402661
93020778	1404124
93024383	1406630
93024468	1328873
93024882	1406939
93030402	1411249
93041372	1419903
93041375	1419905
93043110	1421207
93046624	1423591
93054486	1429562
93056505	1431113
93061407	1434944
93065212	1437560
93066282	1279685
93072349	1443130
93077034	1332912
93079901	1448931
93085167	1453013
93087498	1454801
93100507	1464736
93101981	1299224
93105477	1334806
93110357	1470918
93112057	1472057
93113611	1335357
93114357	1335418
93121695	1478011
93123257	8419337
93124567	8419644
93126354	8419931
93129206	1482357
93129248	1482376
93135830	8422274
93136418	8422459
93141262	8423993
93141620	8424101
93145322	7678779
93150054	1492121
93152834	7678994
93152870	8427983
93152894	8428000
93153017	1493333
93153207	1493370
93154317	8381349
93155082	8428943
93155114	8428966
93157335	8430069
93171603	8436816
93172387	8437235
93180775	8441377
93180777	8441379
93183827	8443122
93184333	8095167
93186809	8444876
93186822	8444885
93189564	8383323
93189882	8446774
93194832	8449904
93194883	8383677
93194904	7680653
93202345	8454114
93203219	8454603
93204975	8455611
93204999	8455627
93205400	8455941
93206138	8096091
93209552	8458581
93211996	8460169
93215800	8462662
93216805	8096519
93224719	8468462
93224733	8468470
93224755	7682243
93228445	8385916
93228833	8471167
93232271	8473495
93233083	8474068
93238864	8386664
93241941	8479911
93242763	8480425
93244226	8386933
93246027	1338726
93246644	7683316
93252936	8387521
93253031	7683692
93258811	8387893
93259462	8491377
93260875	8492451
93262492	8493578
93264305	8098618
93266597	8496188
93266777	8496329
93268332	7684503
93269273	8098881
93272960	8500615
93275333	8388998
93276575	8389085
93278095	8504248
93279468	8504932
93280143	8505309
93280865	8505847
93281652	8506326
93283670	8507862
93284506	8508358
93286051	8389757
93287269	8389940
93289270	8511519
93292612	8513868
93294310	8515075
93300824	8314792
93300929	8314857
93303626	8316859
93307152	8319574
93307660	8319912
93309430	8321204
93314685	8325322
93315600	8325950
93315684	8392092
93320446	8101106
93321228	8392437
93322080	8330898
93324366	8332492
93329079	8335913
93343972	8343185
93346062	8344714
93350203	7688596
93353597	8394446
93357477	8353285
93361521	8356077
93361522	8356078
93363253	8395188
93371352	8363564
93389174	8376786
93389400	8376940
94014350	8409387
94016843	8411362
94019342	8413265
94019346	8413269
94019377	8413295
94025289	7692652
94026053	8212965
94031267	7692906
94038952	8223478
94044828	8228281
94045438	8228805
94045455	8228815
94047364	8230468
94049846	8232340
94051535	1364116
94067100	8246960
94067143	8246997
94075814	8254185
94076456	8254772
94077003	8255162
94081319	8258685
94081349	8258705
94081368	8258718
94083530	7505113
94085904	8262477
94086562	8262983
94088534	8264604
94101543	7903907
94102419	8276125
94107268	7506531
94110342	8282803
94110361	8282820
94110603	8283032
94111992	8284217
94116450	8287800
94118533	8289474
94119067	8289796
94119088	8289813
94120719	8291228
94128612	7905283
94129004	8298127
94132650	7905504
94134077	8302296
94140841	8307982
94148994	8106512
94149008	7508937
94151007	8108127
94151327	8108414
94155850	8112299
94166578	8121237
94167865	8122364
94169380	8123855
94172207	8126348
94176179	8129943
94179241	7510689
94179250	7510691
94181565	8134378
94183204	8135780
94183209	8135784
94184956	8137243
94185011	7511050
94187105	8139041
94190839	8142318
94191916	8143095
94193110	8144129
94194029	8144878
94200898	7512079
94202265	7512152
94202306	8151781
94202312	8151786
94209308	8157663
94209322	7512565
94209654	8157958
94209877	8158122
94214477	8162052
94216261	8163464
94216500	8163658
94217690	8164652
94217708	8164666
94217726	7909357
94224239	8170476
94230451	8175775
94230583	8175894
94235006	8179594
94238882	8182922
94238904	8182938
94240138	8183915
94240241	8184011
94242719	8186192
94243031	8186461
94246160	7514630
94246743	8189531
94249033	8191547
94253152	8195215
94254835	8196620
94259178	7911088
94259822	8200998
94265262	8205621
94266606	8206753
94267706	8207643
94267876	8207793
94274683	7516328
94278430	8009171
94280766	8011280
94281402	7912114
94281746	8012110
94284067	8014029
94285936	8015552
94285937	8015553
94289294	8018558
94289333	8018594
94289707	7517211
94290489	8019555
94303183	7913275
94312466	8038234
94313679	8039243
94314370	7518803
94314962	7518838
94318550	8043509
94327512	8051051
94327547	7914194
94327655	8051172
94329809	8052854
94330935	7519845
94331016	8053950
94331553	8054477
94335073	7520093
94338582	8060531
94338593	7914731
94339116	7914745
94340810	8062448
94341725	8063255
94344108	8065331
94344126	8065348
94347089	8067997
94347465	7915123
94350980	7520914
94354848	7915519
94358411	8077660
94358417	8077662
94361146	8079992
94365323	8083467
94367369	8085155
94375000	8088776
94375097	8088860
94375892	7522257
94376879	7522304
95000924	7917514
95001542	7918086
95001805	7522548
95003681	7919963
95003956	7920179
95007565	7923175
95009960	7925300
95010257	7925569
95011022	7926260
95011572	7926759
95012031	7927175
95014190	7929104
95014458	7929342
95014473	7929355
95015010	7929820
95015835	7930570
95015876	7523507
95016436	7931077
95016439	7931079
95021266	7935451
95023587	7937524
95031992	7945272
95032566	7524519
95036290	7949138
95036334	7524762
95047083	7958618
95050523	7961690
95052601	7525701
95053740	7964483
95053781	7964516
95053891	7964616
95056004	7966569
95059037	7969146
95059073	7969177
95062301	7526398
95065655	7975218
95072277	7981444
95072469	7981603
95074049	7982959
95074854	7983701
95074873	7983717
95077537	7986199
95081342	7989520
95081587	7989745
95088506	7996058
95091657	7998962
95100937	7802642
95104037	7805518
95104296	7528668
95107991	7809072
95110287	7811231
95110353	7811293
95115141	7815555
95116336	7816634
95121921	7821798
95123097	7822809
95124333	7823943
95127210	7826623
95127261	7826670
95129555	7828599
95130292	7530239
95134788	7833370
95138118	7836389
95145523	7843230
95145550	7843251
95151358	7848679
95151640	7848921
95152043	7849291
95152321	7849543
95152420	7849628
95154979	7852032
95156575	7853483
95161757	7858261
95162017	7858491
95163103	7859290
95163578	7859735
95163587	7859743
95166251	7862157
95166259	7532282
95166264	7862168
95168272	7864072
95169271	7865130
95173590	7869038
95178839	7873876
95184007	7878466
95186362	7880723
95187990	7882168
95190013	7883965
95190988	7884865
95191179	7885039
95193668	7887301
95194613	7888116
95195208	7888666
95197524	7534293
95197545	7890658
95197681	7890777
95197720	7890814
95199654	7892566
95201644	7894340
95202809	7534663
95204946	7897230
95221342	7706235
95221386	7706273
95221870	7706710
95221892	7706727
95222176	7706983
95222739	7707514
95229576	7713868
95234639	7718519
95235452	7719248
95236292	7719937
95236293	7719938
95236467	7720085
95238333	7721747
95238477	7721885
95244883	7727787
95247773	7730364
95248083	7730624
95255485	7537687
95256242	7738013
95256455	7537762
95257963	7739562
95260531	7742037
95261059	7742552
95261816	7743230
95263289	7744623
95263486	7744799
95266250	7747417
95266275	7747440
95266282	7747447
95269137	7749985
95276747	7757084
95278601	7758820
95279435	7759548
95279790	7759875
95279882	7759956
95280909	7760807
95280913	7760810
95280917	7760814
95286632	7768941
95287633	7769834
95287902	7770085
95298682	7779726
95301128	7781927
95308691	7788861
95309632	7540578
95311627	7791512
95316714	7540942
95325614	7602114
95327953	7604283
95329717	7605990
95329723	7605996
95329724	7605997
95332324	7541794
95333264	7609053
95336453	7541987
95337142	7612661
95337734	7613135
95337737	7613138
95338146	7613490
95340873	7542286
95343554	7618277
95347379	7542591
95347767	7622191
95349600	7623828
95355137	7543076
95355456	7629157
95355533	7543112
95355848	7629508
95362365	7635572
95362854	7635985
95363069	7636179
95363073	7543512
95363078	7543515
95363089	7636192
95363941	7636977
95364954	7637809
95365343	7638173
95365357	7638186
95365382	7638209
95367586	7640301
95367587	7640302
95368765	7641319
95369245	7641692
95369491	7641903
95370270	7642615
95370702	7643015
95372363	7544001
95373132	7645208
95373165	7645237
95374911	7647001
95378799	7650486
95382761	7654184
95385995	7657162
95386516	7657645
95386713	7657825
95388524	7659529
95391995	7662982
95392577	7663520
95394020	7664781
95394907	7665567
95394931	7665588
95397944	7668385
95399771	7545467
95399778	7670114
95403403	7673194
95403454	7673240
95403468	7545680
96000378	7486829
96001288	7559881
96001293	7559886
96003970	7554389
96007705	7554315
96009551	7565675
96009559	7565683
96009598	7565722
96009608	7565732
96009612	7565736
96011839	7488016
96016217	7572682
96017239	7579399
96017245	7579405
96017769	7478994
96024587	7575565
96025779	7592598
96025852	7592671
96025857	7592676
96026328	7569976
96029750	7591091
96029754	7591095
96030053	8530156
96032864	7565811
96035700	7565415
96038813	7578250
96038894	7478591
96046572	7585505
96049646	7486667
96054968	7590666
96055115	7481768
96055286	8562886
96062038	7589085
96062272	7594456
96062284	7594468
96062305	7594489
96063079	7587061
96063336	7584520
96063646	7488149
96065933	7482631
96068726	7579328
96068922	7478623
96069375	8524232
96070929	7499266
96070930	7499267
96071057	7593136
96072803	7594540
96074623	7479915
96074632	7479923
96074633	7479924
96074843	7478534
96075792	7578980
96079009	7494272
96079922	7588326
96082168	7492771
96082382	7576301
96085174	7489741
96086826	7590249
96089572	8522361
96091353	8529108
96091806	7495759
96094166	7491389
96096457	7500028
96096469	7500040
96096754	8529657
96099434	8523529
96102041	8530384
96102166	8524816
96107207	8530483
96108879	8598481
96114389	8579748
96114497	8664547
96125073	8537354
96126094	8548200
96127450	8580378
96128660	8562512
96132964	8543789
96133016	8543841
96134911	8557032
96136023	8554451
96136291	8573121
96139448	8576111
96140436	8552097
96140672	8566023
96141062	8555464
96141065	8555467
96141087	8555489
96141969	8550797
96144322	8557975
96144358	8558011
96144699	8561779
96146497	8593831
96146856	8572925
96147310	8556392
96151964	8562955
96152682	8565317
96152904	8570215
96157213	8573381
96163492	8566951
96165503	8577772
96173754	8596017
96176764	8598210
96178227	8617207
96180219	8786324
96181482	8610116
96182305	8605941
96182568	8845172
96183228	8609393
96183254	8609418
96183906	8642686
96184185	8603045
96184651	8645303
96184791	8605348
96184802	8605359
96185499	8602529
96186497	8641805
96186719	8627768
96186742	8627791
96186978	8600942
96189089	8628274
96189099	8628284
96189110	8628295
96189121	8628306
96190069	8608243
96190573	8627695
96190579	8627701
96190675	8619834
96191817	8607941
96194562	8617979
96194689	8621773
96194904	8654951
96194982	8622948
96195006	8622971
96195539	8641346
96195546	8641353
96198610	8925904
96198880	8605587
96200169	8641467
96201015	8618456
96201628	8613707
96201643	8622883
96202489	8634413
96202494	8634418
96202514	8634438
96202516	8634440
96203119	8617244
96205960	8631809
96205972	8631821
96208140	8623933
96209427	8645616
96210575	8632999
96211859	8620546
96212948	8622636
96214919	8617766
96214987	8621390
96215235	8626528
96215633	8645086
96216453	8631962
96216725	8645254
96221559	8635523
96223984	8626752
96224055	8621480
96224113	8621538
96226013	8627226
96226053	8632670
96226351	8649822
96228299	8642282
96228347	8642268
96230713	8659190
96235996	8639461
96239482	8657101
96239496	8657115
96239524	8657143
96239534	8657153
96239599	8649779
96247530	8652841
96247631	8666783
96247643	8666795
96247660	8666812
96247664	8666816
96251346	8668213
96256807	8676521
96262594	8675228
96264628	8670269
96264681	8683106
96264685	8683110
96268712	8687429
96272884	8675584
96278836	8663230
96278844	8662928
96278851	8662845
96278860	8662960
96278909	8662666
96278973	8663060
96279101	8663022
96279111	8663174
96279126	8663148
96281903	8676072
96285641	8693296
96288304	8707445
96289501	8695800
96290415	8704165
96291858	8663380
96293454	8692924
96295969	8699118
96303658	8723387
96305192	8691123
96305196	8691127
96305203	8691135
96310948	8690900
96315681	8754855
96317173	8734787
96320521	8758898
96320558	8700228
96320604	8709636
96320605	8709637
96320762	8739563
96322726	8759721
96322738	8759733
96323085	8709191
96323103	8709209
96323172	8709278
96324400	8670897
96324890	8702466
96329553	8695838
96329578	8695863
96330347	8760309
96338163	8757603
96338485	8725939
96341625	8728694
96344715	8741664
96347533	8756622
96353908	8755566
96353916	8755574
96354999	8757316
96355009	8757326
96355428	8702838
96355439	8702849
96355899	8751937
96356325	8747083
96357043	8764027
96358388	8761381
96365473	8769650
96369636	8773576
96373868	8780159
96374456	8780747
96379940	8787953
96382503	8790367
96382507	8790371
96382512	8790376
96387353	8794888
96388957	8801163
96389043	8796372
96390735	8797708
96392389	8799177
96397528	8804422
96397543	8804437
96399059	8805630
96404971	8809111
96405269	8809409
96405332	8809472
96406504	8810619
96409256	8814238
96409274	8814256
96413233	8816395
96413262	8816424
96413274	8816436
96413288	8816450
96413292	8816454
96413305	8816467
96420243	8822942
96421639	8824287
96427516	8830832
96431382	8834464
96437028	8839844
96437048	8839864
96440214	8842525
97000328	8843413
97005399	8852698
97006603	8853896
97006605	8853898
97011146	8858156
97016536	8863162
97017504	8864127
97021709	8868069
97024832	8871056
97024837	8871061
97025418	8871608
97025427	8871617
97025433	8871623
97025459	8871649
97025698	8871877
97026428	8872606
97028169	8874184
97031178	8877104
97031819	8877725
97032774	8878524
97042487	8887687
97045131	8890196
97047122	8892042
97047763	8892604
97047764	8892605
97047769	8892610
97047773	8892614
97048062	8892903
97048170	8893011
97050805	8895544
97051521	8896247
97051821	8896456
97054651	8898948
97054663	8898960
97056026	8900371
97057230	8901569
97058563	8902882
97060432	8903467
97061522	8905552
97064186	8906805
97066958	8910360
97066996	8910398
97067175	8910577
97069862	8912842
97069908	8912888
97070945	8913871
97074532	8916959
97074543	8916970
97077077	8919644
97079135	8920867
97080592	8921937
97081063	8875942
97081192	8922474
97083501	8929459
97083588	8929546
97083787	8930131
97087515	8933518
97088634	8934542
97098661	8943338
97098688	8943365
97098712	8943389
97103140	8947512
97107281	8950029
97108276	8998264
97108656	8950977
97112990	8943243
97113313	8955173
97113352	8955212
97115684	8955000
97115792	8955094
97118356	8959239
97119289	8960112
97119542	8960365
97126060	8970984
97126580	8971495
97127169	8972019
97128276	8972869
97128814	8973354
97131617	8977128
97131727	8977228
97131823	8977297
97132051	8977508
97132074	8977531
97132479	8977934
97132947	8978306
97134898	8980458
97135341	8980878
97138090	8985116
97138389	8985415
97140237	8986719
97148606	9020049
97148782	9011569
97150707	8995243
97150708	8995244
97152553	9000136
97153026	8999960
97153085	8999806
97154704	9001422
97155934	9002447
97158624	9005984
97159684	9007200
97162234	9009221
97166066	9013959
97166081	9013974
97167569	9015187
97167598	9015216
97170849	9018128
97170874	9018153
97171572	9018790
97175006	9022666
97175274	9125308
97176699	9024238
97177471	9024987
97180731	9028949
97180928	9029146
97182946	9031085
97182951	9031090
97184448	9032250
97184462	9032264
97184463	9032265
97184469	9032271
97184478	9032280
97184542	9032344
97184561	9032363
97184601	9032403
97184665	9032466
97186415	9115810
97188782	9053449
97189104	9037375
97195004	9064900
97196870	9043959
97196961	9044050
97197832	9045682
97197910	9045614
97199262	9047238
97199263	9047239
97205231	9052735
97205335	9052839
97205502	9081693
97207294	9054429
97209374	9056674
97209911	9057086
97210575	9057648
97211823	9058790
97213977	9060666
97214626	9061006
97216066	9062356
97217364	9120388
97218076	9065737
97218151	9065812
97218353	9139081
97219997	9121455
97222140	9069290
97223498	9070319
97225991	9122233
97226001	9122243
97226013	9122255
97228139	9091577
97228330	9074408
97228922	9074948
97230346	9075924
97230366	9119228
97233191	9078381
97234588	9119025
97234679	9116279
97236919	9073544
97239596	9085258
97240797	9120310
97242104	9087160
97248268	9119999
97248400	9094628
97248576	9092562
97249714	9095577
97251018	9096701
97252236	9097776
97253017	9098475
97255754	9101089
97259535	9105636
97261053	9107087
97261995	9108409
97263535	9109450
97263762	9109677
97265379	9111316
97265687	9111593
97268616	9108024
97269040	9111040
97269081	9111081
97272160	9127005
97274642	9128727
97275148	9129042
97275156	9129050
97276226	9129979
97276244	9129997
97276784	9130477
97276819	9130512
97276922	9130615
97276939	9130632
97276992	9130685
97277179	9115366
97277252	9115394
97277292	9115214
97277320	9115242
97278840	9133417
97281244	9135552
97281772	9136080
97282709	9136989
97284012	9138088
97287044	9142136
97288306	9143284
97288734	9143685
97289433	9144338
97289567	9144472
97289574	9144479
97289591	9144496
97289747	9144218
97289761	9144232
97292307	9146824
97293200	9164841
97294025	9149909
97296314	9151898
97296513	9151708
97298895	9154298
97300620	9155640
97300635	9155655
97303223	9159166
97304524	9160887
97306366	9162091
97307577	9164919
97307606	9164948
97309442	9166857
97311087	9166418
97312374	9168815
97314059	9170401
97315062	9171236
97315348	9171108
97317585	9174598
97318898	9175835
97321386	9178107
97322371	9177216
97322372	9177217
97322395	9177240
97324097	9180266
97326105	9182556
97330829	9187264
97330981	9185506
97332417	9188651
97332608	9188842
97333610	9189770
97334204	9190901
97334241	9190938
97334360	9191057
97335966	9192761
97335974	9192769
97335975	9192770
97338567	9195127
97342603	9199300
97342608	9199305
97342767	9199464
97343293	9199898
97344237	9224625
97344875	9201242
97349094	9205098
97353010	9209268
97353023	9209281
97353026	9209284
97353114	9209372
97353180	9209438
97355572	9212053
97358178	9215298
97358652	9215748
97360262	9217290
97361636	9218597
97361882	9218843
97362232	9211889
97362276	9211933
97362321	9211847
97362375	9210372
97362594	9219058
97364688	9218534
97366676	9223506
97367500	9224203
97375347	9231664
97376852	9233623
97376853	9233624
97376857	9233628
97377031	9233802
97377998	9234679
97378015	9234696
97378046	9234727
97378061	9234742
97379394	9237716
97379437	9237759
97379649	9236448
97383366	9237929
97384936	9242431
97385069	9242564
97387731	9243748
97390710	9247567
97394399	9252117
97398336	9256234
97400349	9257843
97402252	9259316
97404655	9261367
97404663	9261375
97407922	9261146
97407957	9261181
97410435	9265727
97415553	9271352
97419190	9271588
97420486	9276471
97422566	9278334
97423508	9277450
97423536	9277478
97423557	9277499
97426442	9278455
97429889	9285527
97436422	9291089
97442480	9295357
97444155	9300687
97445071	9299399
97445128	9299455
97445683	9299589
97445684	9299590
97449161	9285776
97449280	9305749
97450830	9307271
97450986	9305919
97451158	9306134
97454876	9309306
97456516	9311830
97456880	9310836
97457067	9311010
97458236	9311912
97458245	9311921
97459703	9315663
97459950	9312023
97460018	9312192
97460074	9312094
97461450	9317131
97461470	9317151
97462662	9322889
97462740	9322967
97465516	9326236
97467112	9328452
97468093	9325014
97469932	9329349
97472344	9333169
97475199	9334723
97476217	9334193
97480711	9339356
98000233	9342186
98000963	9341756
98001085	9341877
98001375	9343210
98001378	9343213
98001396	9343231
98001571	9343406
98001686	9341151
98001728	9341193
98003050	9344365
98005040	9344589
98005316	9345456
98006327	9348104
98011518	9350434
98012230	9348314
98012234	9348318
98012705	9351352
98013637	9352360
98014713	9354590
98018226	9378953
98018275	9379002
98018399	9378013
98019162	9353251
98019986	9357137
98022722	9356144
98022792	9354667
98022968	9356353
98024176	9356494
98025882	9376579
98028550	9363920
98029486	9384661
98030536	9361029
98030550	9360945
98030794	9364219
98031743	9366415
98031856	9366528
98034220	9369287
98037648	9371597
98038598	9371260
98038749	9372912
98038798	9372961
98039716	9372447
98042055	9374642
98043822	9374467
98045094	9383828
98048869	9387623
98049829	9388475
98051057	9390691
98056814	9394832
98058835	9398087
98062912	9398163
98062932	9400372
98062995	9351829
98063340	9398404
98064072	9399961
98068683	9406848
98073333	9446322
98074810	9413999
98074940	9414129
98076121	9415639
98077369	9416887
98079330	9418135
98080700	9419430
98087405	9427533
98089069	9428793
98089072	9428796
98090595	9428921
98090689	9428992
98099332	9438495
98101492	9440542
98101496	9440546
98104455	9442373
98104456	9442374
98104459	9442377
98104462	9442380
98104469	9442387
98104470	9442388
98104475	9442393
98104477	9442395
98104482	9442400
98124483	9464836
98128482	9467376
98133462	9475315
98140255	9479628
98144699	9483705
98145608	9099800
98147373	9488049
98153997	9492977
98158921	9497493
98168578	9507734
98168883	9510064
98204128	9544570
98208262	9548483
98208264	9548485
98208270	9548490
98209755	9550385
98209796	9550426
98211678	9551952
98220845	9562374
98227977	9569022
98230439	9570512
98240931	9581775
98241397	9572990
98245000	9576755
98248918	9587347
98252921	9584174
98259083	9596578
98263946	9601640
98266173	9605137
98269066	9603911
98277450	9615223
98278432	9617870
98279058	9614222
98279279	9616307
98281217	9619918
98281916	9620606
98281992	9620670
98281994	9620672
98282206	9616159
98282210	9616163
98282479	9618757
98282480	9618758
98282481	9618759
98282482	9618760
98288355	9624052
98290745	9625770
98295583	9633826
98295684	9633927
98295734	9633977
98295832	9634075
98298224	9632764
98299642	9637529
98302228	9638372
98304427	9640245
98305722	9643569
98306174	9639662
98308097	9642107
98309442	9647227
98310801	9637764
98311520	9649186
98313295	9649341
98314139	9650453
98315074	9649500
98315075	9649501
98318219	9655487
98318652	9653181
98321687	9660250
98321739	9660302
98322148	9657742
98322149	9657743
98322151	9657745
98322350	9657720
98325028	9660784
98325153	9658081
98325215	9658143
98325368	9660938
98326600	9663467
98328397	9665460
98330075	9667501
98332778	9665884
98334014	9670939
98334015	9670940
98338104	9673387
98339383	9676761
98341858	9678718
98342108	9675155
98343423	9679829
98343775	9680181
98345328	9680371
98346788	9683258
98348376	9685215
98348399	9681993
98348903	9684278
98349401	9686612
98352765	9690455
98353227	9690917
98353313	9687385
98359134	9695963
98361309	9697844
98361758	9694701
98361768	9694711
98361776	9694719
98361999	9694878
98362153	9696844
98363633	9700053
98365377	9700101
98367816	9702439
98369616	9703993
98369636	9704013
98371688	9706399
98372761	9705952
98373923	9710149
98373989	9710215
98374270	9707565
98374313	9707608
98375837	9712019
98375844	9712026
98375865	9712047
98375886	9712068
98376488	9710448
98378510	9710582
98378528	9710600
98379695	9715838
98379823	9715966
98380268	9712703
98380286	9712721
98380997	9715265
98383419	9717674
98384235	9716600
98384373	9716648
98385602	9720648
98389282	9723889
98389427	9724034
98389481	9724088
98389801	9722600
98390872	9723430
98391028	9725212
98391036	9725220
98391735	9722631
98395073	9726970
98395103	9727000
98395152	9727049
98397262	9729045
98400423	9731697
98400847	9730957
98400938	9728057
98401161	9731208
98403730	9734661
98405747	9736340
98406066	9733716
98406200	9733836
98406210	9733846
98407711	9737693
98413772	9741337
98414302	9743370
98414619	9742120
98416141	9743506
98416180	9743535
98417611	9744863
98418492	9747720
98421363	9746758
98421365	9746760
98421396	9746791
98422270	9748323
98426236	9751748
98426244	9751756
98427848	9756417
98430664	9759864
98435936	9764907
98437269	9756643
98438043	9766653
98438422	9763661
98438501	9765256
98438540	9765295
98438583	9763613
98438586	9763616
98439530	9768594
98440284	9767165
98440543	9765424
98451423	9780143
98451425	9780145
98451426	9780146
98455033	9783712
98455230	9783909
99003230	9786883
99003459	9784667
99005376	9787185
99006628	9792142
99006780	9792294
99007236	9789010
99007753	9791541
99008340	9794238
99008372	9794241
99008506	9794375
99008517	9794386
99008520	9794389
99008545	9794414
99008553	9794422
99010726	9796702
99010987	9796963
99014176	9794815
99015774	9801155
99016857	9800475
99018025	9799798
99021680	9802971
99023364	9808178
99023375	9808189
99023506	9808320
99023607	9808421
99023967	9804806
99025966	9808586
99030136	9811525
99030293	9811966
99032541	9817603
99032837	9813178
99034460	9819151
99034605	9815258
99035056	9816208
99038200	9819382
99038208	9819390
99039380	9823774
99041167	9825820
99041401	9826028
99045415	9826539
99047055	9831170
99047525	9828121
99047534	9828130
99048705	9831865
99049801	9834055
99049827	9834081
99049838	9834092
99054659	9840924
99054996	9835626
99055586	9834272
99057097	9842963
99057540	9837745
99057586	9838061
99058080	9838000
99059495	9845362
99060915	9846481
99060916	9846482
99060929	9846495
99061637	9843840
99061768	9845517
99064961	9849709
99065132	9849880
99065678	9847292
99067836	9850850
99069282	9824485
99069401	9852070
99070060	9852958
99070073	9852971
99071844	9854680
99073952	9858241
99074319	9857074
99074403	9852211
99074502	9852310
99075480	9860137
99075977	9858880
99077502	9862666
99077509	9862673
99077519	9862683
99077977	9858563
99078032	9858618
99078033	9858619
99080869	9863501
99081619	9864163
99083144	9867255
99086128	9870581
99087711	9872676
99089911	9874515
99090715	9875537
99091536	9872937
99091640	9873041
99092484	9875325
99096304	9881977
99097163	9880240
99097434	9878608
99097447	9878621
99098272	9883803
99098435	9883966
99098921	9880555
99099017	9882331
99101008	9885917
99101510	9886419
99101524	9886433
99102085	9882624
99102381	9885213
99102590	9847337
99103960	9887050
99106021	9888865
99107757	9889197
99107758	9889198
99111186	9815628
99111421	9893043
99113717	9916679
99113747	9916709
99115412	9915779
99115544	9916078
99115659	9915850
99115672	9915863
99118181	9919536
99119105	9918824
99120322	9923447
99120900	9920778
99121740	9922985
99125803	9928723
99126191	9929111
99126331	9925930
99134363	9933632
99135866	9949178
99135975	9949285
99137801	9952372
99137815	9952386
99138796	9973373
99138825	9973402
99138892	9973469
99138943	9973520
99138988	9971788
99139903	10049048
99141282	9974401
99142609	9989503
99145033	10022435
99145586	9990060
99146379	10023774
99147030	10022882
99147045	10022897
99148535	10025668
99149869	10027623
99150505	10024618
99154742	10037138
99155321	10029571
99155339	10029589
99155344	10029594
99156941	10037751
99158164	10050877
99161827	10064064
99161866	10064103
99162595	10051632
99166942	10069412
99166958	10069428
99168501	10070953
99168986	10068671
99169183	10068588
99169427	10070274
99170284	10072068
99170294	10072078
99172186	10072497
99172218	10072529
99174774	10077156
99175125	10075645
99175479	10074432
99176388	10078502
99177408	10075873
99178617	10080532
99178629	10080544
99178889	10079106
99180171	10082134
99180473	10082436
99182340	10080948
99182374	10082473
99182530	10080908
99182542	10080875
99184529	10086725
99187612	10087648
99187985	10087993
99188724	10090338
99189160	10087181
99189164	10087185
99189777	10089907
99190497	10092076
99190512	10092091
99190530	10092109
99190650	10089140
99190753	10089566
99192430	10090923
99192438	10090931
99192449	10090942
99192454	10090947
99192735	10092775
99192743	10092783
99192761	10092801
99192765	10092805
99192785	10092825
99194225	10096561
99194238	10096574
99196242	10098606
99197861	10097788
99200773	10102628
99200786	10102641
99200936	10102791
99201425	10101001
99201482	10101034
99201818	10101602
99203164	10101249
99203526	10103059
99206604	10192386
99206664	10192446
99207658	10191934
99208363	10194020
99209754	10195379
99209803	10195428
99210381	10194184
99211588	10197731
99211949	10194443
99214329	10196286
99214587	10187812
99216457	10200007
99217587	10202937
99218312	10200294
99218397	10201899
99218427	10201929
99218482	10201984
99218522	10202024
99218525	10202027
99218532	10202034
99220021	10202178
99221321	10206480
99221887	10203577
99223160	10208461
99223488	10206983
99223528	10207023
99223566	10207061
99225046	10210321
99225047	10210322
99225313	10208867
99225548	10209036
99225553	10209041
99228708	10210645
99228859	10212389
99229667	10214854
99231886	10217534
99233638	10216071
99236832	10221643
99236847	10221658
99237607	10221250
99239883	10225377
99240736	10224109
99240762	10224135
99240799	10224156
99242525	10224470
99242545	10224223
99242633	10225979
99242637	10224278
99243471	10226884
99244237	10229231
99244281	10229275
99244330	10229324
99244898	10228008
99244901	10228011
99244916	10228026
99246501	10228133
99247345	10232385
99248157	10229815
99248162	10229820
99248179	10229837
99248183	10229841
99248398	10231345
99249555	10235476
99249588	10235509
99252077	10233875
99252081	10233879
99252084	10233882
99252090	10233888
99252157	10233927
99252177	10233947
99253956	10318814
99254099	10318942
99255395	10320367
99256982	10327050
99256996	10327064
99257180	10322160
99258659	10328107
99260407	10331564
99261844	10329958
99262230	10328874
99262272	10330274
99262416	10329625
99262417	10329626
99262580	10329845
99262847	10329147
99263020	10330189
99264317	10330396
99265951	10331989
99272411	10339475
99272418	10339482
99276096	10348340
99278386	10347175
99279130	10349513
99282915	10352247
99282926	10352258
99282941	10352273
99282947	10352279
99285117	10356629
99285507	10359012
99285633	10359138
99286016	10359457
99286230	10357818
99286232	10357820
99286808	10358756
99286816	10358764
99286827	10358775
99287876	10358028
99288066	10358154
99288085	10358173
99288090	10358178
99289426	10359894
99289427	10359895
99292681	10364157
99292715	10364191
99292717	10364193
99292784	10364260
99294118	10367698
99294317	10367897
99295929	10369255
99296093	10369419
99296619	10366600
99298193	10369681
99298510	10370372
99300859	10372271
99301235	10374699
99303024	10376531
99303765	10373522
99303791	10373548
99305240	10378895
99305241	10378896
99307057	10377075
99307406	10377411
99308622	10380915
99310626	10381500
99310627	10381501
99310960	10381655
99315311	10383940
99315748	10385650
99315834	10383397
99316282	10384094
99316341	10384153
99321124	10395201
99323946	10395645
99323953	10395652
99323972	10395671
99324612	10396290
99326307	10397722
99328623	10402173
99329182	10400755
99330064	10403270
99333679	10403770
99335895	10407580
99336784	10411003
99336788	10411007
99340272	10409763
99343400	10416957
99343785	10415075
99344098	10415609
99348033	10417333
99352259	10421786
99353321	10426278
99353322	10426279
99353876	10423406
99354925	10427971
99355592	10425206
99356019	10425262
99357094	10430025
99357809	10428853
99357866	10426995
99357867	10426996
99360752	10433370
99361939	10435586
99362723	10430908
99362737	10430922
99362759	10430944
99362923	10432288
99364624	10437913
99367411	10438457
99369690	10438731
99369860	10438758
99369911	10440930
99369970	10438903
99369980	10438913
99370197	10438843
99371288	10443688
99372175	10443228
99374665	10446999
99376397	10449157
99376409	10449169
99377310	10446065
99379868	10448144
99380273	10449442
99380601	10449776
99382334	10452760
99384376	10454636
99386936	10455128
99386942	10455134
99388007	10458769
99388640	10459348
99393322	10462492
99394774	10455523
99398660	10468560
99400649	10471326
99401563	10472343
99406823	10477599
99406845	10477621
99408303	10480426
99408727	10477716
99409030	10477683
99410809	10479650
99410810	10479651
99412310	10482545
99412333	10482568
99415656	10487715
99415908	10485875
99415939	10485906
99419787	10492038
99423672	10491394
99423690	10491412
99427884	10499538
99428687	10497131
